0.0 -1.0
0.1 -0.99
0.2 -0.96
0.30000000000000004 -0.9099999999999999
0.4 -0.84
0.5 -0.75
0.6000000000000001 -0.6399999999999999
0.7000000000000001 -0.5099999999999999
0.8 -0.3599999999999999
0.9 -0.18999999999999995
1.0 0.0
1.1 0.2100000000000002
1.2000000000000002 0.4400000000000004
1.3 0.6900000000000002
1.4000000000000001 0.9600000000000004
1.5 1.25
1.6 1.5600000000000005
1.7000000000000002 1.8900000000000006
1.8 2.24
1.9000000000000001 2.6100000000000003
2.0 3.0
2.1 3.41
2.2 3.8400000000000007
2.3000000000000003 4.290000000000001
2.4000000000000004 4.760000000000002
2.5 5.25
2.6 5.760000000000001
2.7 6.290000000000001
2.8000000000000003 6.840000000000002
2.9000000000000004 7.410000000000002
3.0 8.0
3.1 8.610000000000001
3.2 9.240000000000002
3.3000000000000003 9.890000000000002
3.4000000000000004 10.560000000000002
3.5 11.25
3.6 11.96
3.7 12.690000000000001
3.8000000000000003 13.440000000000001
3.9000000000000004 14.210000000000003
4.0 15.0
4.1000000000000005 15.810000000000006
4.2 16.64
4.3 17.49
4.4 18.360000000000003
4.5 19.25
4.6000000000000005 20.160000000000004
4.7 21.090000000000003
4.800000000000001 22.040000000000006
4.9 23.010000000000005
5.0 24.0
5.1000000000000005 25.010000000000005
5.2 26.040000000000003
5.300000000000001 27.090000000000007
5.4 28.160000000000004
5.5 29.25
5.6000000000000005 30.360000000000007
5.7 31.490000000000002
5.800000000000001 32.64000000000001
5.9 33.81
6.0 35.0
6.1000000000000005 36.21000000000001
6.2 37.440000000000005
6.300000000000001 38.69000000000001
6.4 39.96000000000001
6.5 41.25
6.6000000000000005 42.56000000000001
6.7 43.89
6.800000000000001 45.24000000000001
6.9 46.61000000000001
7.0 48.0
7.1000000000000005 49.41000000000001
7.2 50.84
7.300000000000001 52.29000000000001
7.4 53.760000000000005
7.5 55.25
7.6000000000000005 56.760000000000005
7.7 58.290000000000006
7.800000000000001 59.84000000000001
7.9 61.410000000000004
8.0 63.0
8.1 64.61
8.200000000000001 66.24000000000002
8.3 67.89000000000001
8.4 69.56
8.5 71.25
8.6 72.96
8.700000000000001 74.69000000000001
8.8 76.44000000000001
8.9 78.21000000000001
9.0 80.0
9.1 81.80999999999999
9.200000000000001 83.64000000000001
9.3 85.49000000000001
9.4 87.36000000000001
9.5 89.25
9.600000000000001 91.16000000000003
9.700000000000001 93.09000000000002
9.8 95.04000000000002
9.9 97.01
10.0 99.0
