#n, V0,V1,V2  
512, 0.194895, 0.086273, 0.698374,       
512, 0.188127, 0.080991, 0.709687,      
512, 0.187164, 0.080351, 0.716424,      
512, 0.188386, 0.080681, 0.717363,      
512, 0.186412, 0.080701, 0.716267,      
512, 0.187618, 0.081002, 0.714385,      
512, 0.186472, 0.080665, 0.704337,      
512, 0.186362, 0.080094, 0.701913,      
512, 0.187019, 0.080385, 0.699763,      
512, 0.186369, 0.080830, 0.699805,
1024, 1.960753, 0.703371, 15.445620
1024, 1.887892, 0.704183, 15.461749
1024, 1.983538, 0.704837, 15.405848
1024, 1.620806, 0.698024, 15.403496
1024, 1.846768, 0.693397, 15.552773
1024, 1.799394, 0.699973, 15.685327
1024, 1.764560, 0.700335, 15.395795
1024, 1.740498, 0.704910, 15.429966
1024, 1.745506, 0.699104, 15.407266
1024, 1.936188, 0.695546, 15.397205
2048, 65.803545, 5.588663, 139.717948
2048, 65.266529, 5.582589, 140.987413
2048, 65.918841, 5.573278, 140.017964