512, 0.194593, 0.082493, 1.024038
512, 0.191851, 0.077057, 1.017846
512, 0.188955, 0.076548, 1.023591
512, 0.188767, 0.076366, 1.009028
512, 0.189578, 0.078448, 1.009148
512, 0.189604, 0.076812, 1.020233
512, 0.191775, 0.075146, 1.050306
512, 0.188651, 0.073454, 1.034601
512, 0.189354, 0.072745, 1.029724
512, 0.190335, 0.072996, 1.006139
1024, 6.564279, 0.747417, 14.987015
1024, 6.726815, 0.776675, 14.788611
1024, 6.726239, 0.767229, 14.806664
1024, 6.758317, 0.755941, 14.734659
1024, 6.566410, 0.744470, 14.731089
1024, 6.567337, 0.781112, 14.743701
1024, 6.568434, 0.758292, 14.728547
1024, 6.582585, 0.746375, 14.770397
1024, 6.566135, 0.770060, 14.729611
1024, 6.570711, 0.872659, 14.731505
2048, 67.884461, 7.418111, 145.610590
